
1. Commit at 2025-01-25 22:14:36.503740: n2fyargx5s
2. Commit at 2025-01-25 22:14:36.811075: khjp5zv2na
3. Commit at 2025-01-25 22:14:37.106073: x79a2ucp0l
4. Commit at 2025-01-25 22:14:37.268066: qxkedybf67
5. Commit at 2025-01-25 22:14:37.424928: 6x8fplqjma
6. Commit at 2025-01-25 22:14:37.649227: 53wyj4igr2
7. Commit at 2025-01-25 22:14:37.856796: 8jsbkrk9kf
8. Commit at 2025-01-25 22:14:38.056657: t10mhnucda
9. Commit at 2025-01-25 22:14:38.244387: q2dmmjf9j2
10. Commit at 2025-01-25 22:14:38.467369: y2w9agmuuj
11. Commit at 2025-01-25 22:14:38.823664: eqozg0coc2
12. Commit at 2025-01-25 22:14:39.090923: et25qp9ssm
13. Commit at 2025-01-25 22:14:39.420639: jcuj25ik4i
14. Commit at 2025-01-25 22:14:39.792957: 119qu0epvy